3455321
3455321
3455321
3455321
3455321
3455321
3455321
3455321
3455321
3455321
3455321
3455321
3455321
3455321
3455321
3455321
3455321
3455321
3455321
3455321
3455321
3455321
3455321
3455321
3455321
3455321
3455321
3455321
3455321
3455321
3455321
3455321
3455321
3455321
3455321
3455321
3455321
3455321
3455321
3455321
3455321
3455321
3455321
3455321
3455321
3455321
3455321
3455321
3455321
3455321
3455321
3455321
3455321
3455321
3455321
3455321
3455321
3455321
3455321
3455321
3455321
3455321
3455321
3455321
3455321
3455321
3455321
3455321
3455321
2149257
1042656
2989527
3275570
2292219
3455321
3455321
3455321
3455321
3455321
3455321
3455321
3455321
3455321
3455321
3455321
